72 5
312 5
312 5
304 5
312 5
312 5
312 5
312 5
312 5
312 5
312 5
312 5
312 5
316 5
308 5
320 5
312 5
312 5
312 5
312 5
304 5
320 5
304 5
312 5
320 5
312 5
312 5
312 5
304 5
312 5
312 5
320 5
316 5
320 5
312 5
312 5
308 5
308 5
316 5
312 5
312 5
312 5
312 5
312 5
308 5
312 5
312 5
316 5
312 5
312 5
312 5
308 5
316 5
304 5
320 5
312 5
304 5
312 5
312 5
312 5
312 5
312 5
312 5
312 5
316 5
320 5
312 5
312 5
312 5
308 5
308 5
312 5
312 5
312 5
308 5
312 5
312 5
312 5
312 5
312 5
312 5
312 5
312 5
312 5
312 5
308 5
308 5
316 5
324 5
312 5
312 5
212 5
208 5
48 2
100 2
104 2
104 2
104 2
104 2
108 2
104 2
104 2
104 2
104 2
104 2
104 2
36 5
304 5
312 5
312 5
312 5
312 5
312 5
312 5
312 5
312 5
312 5
312 5
312 5
312 5
304 5
312 5
316 5
308 5
312 5
312 5
312 5
312 5
312 5
312 5
312 5
312 5
312 5
312 5
312 5
312 5
316 5
308 5
312 5
316 5
312 5
312 5
312 5
312 5
312 5
312 5
312 5
316 5
312 5
312 5
312 5
312 5
324 5
312 5
324 5
312 5
324 5
312 5
312 5
312 5
312 5
320 5
312 5
308 5
312 5
308 5
312 5
312 5
312 5
312 5
312 5
324 5
312 5
312 5
216 5
208 5
208 5
44 2
104 2
104 2
104 2
104 2
104 2
104 2
104 2
104 2
104 2
104 2
108 2
100 2
104 2
