56 5
312 5
316 5
324 5
312 5
312 5
312 5
320 5
312 5
316 5
312 5
324 5
312 5
320 5
312 5
316 5
312 5
324 5
312 5
312 5
312 5
312 5
312 5
312 5
324 5
312 5
312 5
312 5
312 5
320 5
316 5
312 5
312 5
316 5
320 5
312 5
312 5
312 5
308 5
320 5
324 5
312 5
312 5
316 5
316 5
324 5
316 5
312 5
312 5
312 5
308 5
312 5
312 5
312 5
312 5
312 5
308 5
312 5
304 5
312 5
312 5
312 5
312 5
320 5
304 5
312 5
312 5
312 5
312 5
312 5
312 5
312 5
304 5
312 5
312 5
312 5
312 5
312 5
312 5
312 5
312 5
312 5
308 5
312 5
312 5
312 5
316 5
308 5
312 5
312 5
312 5
332 5
32 2
104 2
104 2
104 2
104 2
104 2
104 2
104 2
104 2
104 2
104 2
104 2
104 3
100 5
308 5
312 5
308 5
312 5
312 5
312 5
304 5
316 5
312 5
308 5
312 5
312 5
312 5
312 5
312 5
312 5
312 5
312 5
300 5
312 5
312 5
320 5
312 5
308 5
312 5
312 5
312 5
312 5
304 5
304 5
316 5
316 5
312 5
312 5
312 5
312 5
312 5
312 5
312 5
312 5
308 5
300 5
308 5
312 5
316 5
320 5
312 5
308 5
312 5
312 5
312 5
312 5
312 5
312 5
312 5
312 5
312 5
312 5
312 5
312 5
312 5
312 5
312 5
316 5
312 5
312 5
308 5
208 5
104 5
104 5
76 2
104 2
104 2
104 2
104 2
104 2
104 2
104 2
104 2
104 2
104 2
104 2
112 2
104 2
