64 5
308 5
312 5
312 5
312 5
312 5
312 5
312 5
312 5
312 5
312 5
312 5
316 5
320 5
316 5
312 5
312 5
312 5
312 5
312 5
312 5
312 5
312 5
312 5
312 5
312 5
320 5
312 5
312 5
312 5
312 5
312 5
312 5
312 5
308 5
316 5
312 5
312 5
312 5
312 5
312 5
316 5
308 5
312 5
312 5
316 5
312 5
312 5
308 5
312 5
312 5
312 5
312 5
312 5
312 5
312 5
304 5
312 5
312 5
312 5
312 5
312 5
312 5
312 5
308 5
312 5
316 5
312 5
312 5
312 5
312 5
312 5
312 5
312 5
312 5
312 5
312 5
304 5
312 5
312 5
312 5
316 5
312 5
316 5
312 5
312 5
316 5
312 5
312 5
312 5
208 4
208 5
212 5
208 5
84 2
104 2
104 2
104 2
104 2
104 2
104 2
104 2
104 2
104 2
104 2
104 2
108 2
104 2
104 2
104 2
104 2
104 2
104 2
104 2
104 2
104 2
104 2
100 2
40 5
312 5
312 5
312 5
312 5
312 5
312 5
312 5
308 5
312 5
312 5
312 5
312 5
312 5
312 5
312 5
312 5
312 5
312 5
312 5
312 5
312 5
312 5
312 5
312 5
312 5
312 5
308 5
312 5
320 5
308 5
312 5
316 5
316 5
312 5
312 5
304 5
312 5
312 5
312 5
320 5
312 5
312 5
304 5
312 5
312 5
312 5
312 5
312 5
312 5
308 5
312 5
312 5
312 5
316 5
312 5
312 5
220 5
208 5
112 5
40 2
104 2
104 2
104 2
104 2
104 2
104 2
104 2
104 2
104 2
104 2
104 2
104 2
104 2
104 2
104 2
104 2
104 2
104 2
104 2
108 2
104 2
104 2
100 2
108 2
104 2
