64 5
312 5
312 5
312 5
308 5
304 5
312 5
312 5
312 5
312 5
316 5
344 5
296 5
312 5
312 5
312 5
312 5
312 5
312 5
312 5
312 5
304 5
312 5
312 5
312 5
308 5
312 5
312 5
312 5
312 5
312 5
312 5
312 5
304 5
320 5
316 5
312 5
312 5
312 5
304 5
312 5
312 5
312 5
312 5
312 5
308 5
312 5
312 5
312 5
312 5
312 5
312 5
296 5
408 5
312 5
312 5
312 5
304 5
312 5
312 5
312 5
312 5
312 5
312 5
312 5
312 5
312 5
312 5
312 5
312 5
312 5
312 5
312 5
308 5
312 5
316 5
312 5
312 5
312 5
312 5
316 5
312 5
312 5
312 5
316 5
312 5
312 5
316 5
312 5
312 5
312 5
312 5
312 5
312 5
316 5
312 5
316 5
304 5
316 5
308 5
316 5
312 5
312 5
312 5
312 5
312 5
312 5
312 5
304 5
312 5
312 5
312 5
312 5
312 5
308 5
312 5
312 5
312 5
312 5
304 5
312 5
312 5
308 5
212 5
208 5
208 5
208 5
208 5
108 5
104 5
48 2
104 2
104 2
104 2
108 2
104 2
104 2
100 2
108 2
104 2
104 2
104 2
104 2
104 2
104 2
104 2
104 2
104 2
100 2
108 2
104 2
104 2
104 2
104 2
