68 5
316 5
316 5
312 5
308 5
312 5
312 5
312 5
312 5
312 5
312 5
312 5
312 5
312 5
312 5
312 5
324 5
312 5
312 5
312 5
308 5
308 5
312 5
312 5
312 5
312 5
312 5
312 5
312 5
312 5
312 5
320 5
312 5
312 5
304 5
312 5
312 5
312 5
312 5
312 5
312 5
312 5
312 5
312 5
308 5
312 5
312 5
312 5
312 5
312 5
312 5
312 5
312 5
308 5
308 5
312 5
312 5
316 5
312 5
312 5
312 5
328 5
320 5
308 5
308 5
312 5
316 5
312 5
312 5
312 5
308 5
312 5
308 5
312 5
316 5
312 5
312 5
312 5
312 5
304 5
312 5
320 5
304 5
312 5
312 5
312 5
312 5
308 5
316 5
308 5
312 5
312 5
312 5
312 5
312 5
308 5
312 5
312 5
312 5
312 5
312 5
312 5
312 5
312 5
308 5
312 5
312 5
316 5
312 5
312 5
320 5
308 5
316 5
312 5
312 5
316 5
312 5
312 5
312 5
312 5
312 5
312 5
312 5
312 5
312 5
312 5
312 5
16 2
104 2
104 2
104 2
104 2
104 2
104 2
104 2
104 2
104 2
104 2
104 2
100 2
104 2
104 2
104 2
104 2
104 2
104 2
104 2
104 2
104 2
104 2
104 2
104 2
104 2
104 2
