64 5
308 5
312 5
312 5
312 5
312 5
312 5
312 5
312 5
312 5
312 5
312 5
312 5
312 5
312 5
308 5
312 5
316 5
316 5
312 5
312 5
316 5
312 5
312 5
312 5
312 5
312 5
312 5
304 5
328 5
316 5
308 5
312 5
312 5
312 5
320 5
312 5
312 5
312 5
312 5
312 5
308 5
316 5
312 5
312 5
312 5
320 5
312 5
312 5
312 5
312 5
312 5
312 5
324 5
312 5
312 5
312 5
312 5
312 5
312 5
312 5
312 5
312 5
312 5
312 5
312 5
312 5
312 5
312 5
312 5
312 5
312 5
308 5
312 5
312 5
312 5
312 5
312 5
312 5
316 5
312 5
312 5
312 5
312 5
312 5
312 5
312 5
308 5
312 5
312 5
312 5
312 5
212 5
104 5
104 5
104 5
104 5
104 5
4 2
108 2
104 2
100 2
104 2
104 2
104 2
104 2
104 2
104 2
104 2
104 2
104 2
104 2
104 2
108 2
104 2
100 2
104 2
104 2
104 2
104 2
108 2
104 2
80 5
312 5
312 5
312 5
312 5
312 5
312 5
308 5
312 5
312 5
312 5
316 5
312 5
312 5
312 5
316 5
308 5
312 5
312 5
312 5
312 5
312 5
312 5
312 5
312 5
320 5
312 5
320 5
316 5
320 5
312 5
312 5
308 5
312 5
312 5
312 5
312 5
312 5
312 5
312 5
312 5
312 5
312 5
312 5
312 5
312 5
320 5
312 5
312 5
312 5
312 5
312 5
312 5
216 5
208 5
208 5
108 5
104 5
108 5
80 2
104 2
104 2
104 2
104 2
104 2
104 2
108 2
104 2
104 2
104 2
104 2
104 2
104 2
104 2
104 2
104 2
104 2
104 2
104 2
104 2
104 2
104 2
104 2
