60 5
312 5
312 5
320 5
308 5
316 5
316 5
336 5
312 5
312 5
312 5
312 5
316 5
312 5
312 5
312 5
312 5
312 5
304 5
312 5
312 5
312 5
308 5
312 5
312 5
316 5
312 5
316 5
308 5
308 5
320 5
316 5
312 5
312 5
312 5
312 5
312 5
312 5
312 5
316 5
316 5
316 5
320 5
312 5
312 5
312 5
312 5
308 5
312 5
312 5
312 5
312 5
312 5
312 5
312 5
312 5
312 5
312 5
316 5
312 5
312 5
312 5
300 5
324 5
300 5
312 5
312 5
312 5
312 5
312 5
312 5
312 5
312 5
312 5
320 5
312 5
300 5
308 5
312 5
324 5
308 5
312 5
312 5
316 5
308 5
316 5
316 5
316 5
312 5
312 5
320 5
312 5
208 5
112 5
104 5
104 5
104 5
104 5
104 5
104 5
104 5
104 5
28 2
104 2
104 2
104 2
104 2
104 2
104 2
104 2
104 2
104 2
104 2
104 2
104 2
104 2
104 2
104 2
104 2
104 2
104 2
104 2
104 2
104 2
104 2
100 5
308 5
312 5
312 5
304 5
312 5
316 5
312 5
312 5
312 5
312 5
312 5
312 5
312 5
312 5
312 5
312 5
312 5
300 5
312 5
312 5
312 5
312 5
312 5
312 5
312 5
312 5
312 5
312 5
312 5
312 5
316 5
312 5
312 5
312 5
312 5
312 5
312 5
316 5
312 5
312 5
312 5
300 5
312 5
312 5
312 5
312 5
312 5
312 5
208 5
208 5
208 5
108 5
100 5
104 5
104 5
104 5
104 5
104 5
104 5
104 5
104 5
104 5
104 5
104 5
104 5
108 5
104 5
104 5
104 5
8 2
108 2
104 2
100 2
104 2
104 2
108 2
104 2
104 2
