60 5
308 5
308 5
312 5
312 5
312 5
312 5
316 5
312 5
312 5
316 5
312 5
312 5
312 5
312 5
312 5
320 5
324 5
308 5
308 5
324 5
308 5
328 5
316 5
308 5
312 5
312 5
312 5
308 5
300 5
312 5
320 5
308 5
312 5
308 5
312 5
316 5
312 5
312 5
312 5
300 5
312 5
312 5
312 5
312 5
312 5
308 5
312 5
312 5
312 5
312 5
312 5
308 5
312 5
308 5
316 5
312 5
316 5
308 5
308 5
320 5
316 5
312 5
312 5
312 5
312 5
308 5
312 5
312 5
312 5
312 5
312 5
312 5
312 5
312 5
312 5
312 5
308 5
312 5
312 5
312 5
316 5
308 5
308 5
316 5
312 5
308 5
312 5
312 5
312 5
312 5
312 5
212 5
24 2
104 2
104 2
104 2
104 2
104 2
104 2
104 2
104 2
104 2
104 2
104 2
104 2
104 2
104 2
104 2
100 2
108 2
100 2
104 2
104 2
104 2
60 5
308 5
312 5
308 5
312 5
312 5
312 5
312 5
312 5
308 5
316 5
312 5
312 5
312 5
312 5
312 5
308 5
316 5
308 5
312 5
312 5
312 5
308 5
312 5
320 5
312 5
312 5
308 5
316 5
308 5
312 5
316 5
308 5
312 5
312 5
324 5
308 5
312 5
316 5
312 5
312 5
312 5
312 5
312 5
312 5
316 5
312 5
312 5
312 5
312 5
312 5
312 5
312 5
312 5
312 5
312 5
312 5
312 5
308 5
312 5
108 5
108 5
48 2
100 2
104 2
104 2
104 2
104 2
104 2
104 2
104 2
104 2
104 2
108 2
104 2
104 2
104 2
104 2
100 2
108 2
104 2
104 2
104 2
104 2
